  0.0000000E+00  -1.000000    
   10.00000      -1.000000    
   20.00000      -1.000000    
   30.00000      -1.000000    
   40.00000      -1.000000    
   50.00000      -1.000000    
   60.00000      -1.000000    
   70.00000      3.1600520E-04
   80.00000      2.4855782E-03
   90.00000      2.3067243E-02
   100.0000      0.1082529    
   110.0000      0.1149021    
   120.0000      8.6805806E-02
   130.0000      8.7204494E-02
   140.0000      0.1154635    
   150.0000      0.1664342    
   160.0000      0.2452425    
   170.0000      0.3778383    
   180.0000      0.5440460    
   190.0000      0.7074159    
   200.0000      0.8437448    
   210.0000      0.9377365    
   220.0000      0.9868886    
   230.0000      0.9999999    
   240.0000      0.9914514    
   250.0000      0.9678976    
   260.0000      0.9326351    
   270.0000      0.8889505    
   280.0000      0.8398312    
   290.0000      0.7878069    
   300.0000      0.7348948    
   310.0000      0.6826170    
   320.0000      0.6320580    
   330.0000      0.5839392    
   340.0000      0.5386956    
   350.0000      0.4965460    
   360.0000      0.4575518    
   370.0000      0.4216650    
   380.0000      0.3887654    
   390.0000      0.3586877    
   400.0000      0.3312426    
   410.0000      0.3062298    
   420.0000      0.2834491    
   430.0000      0.2627059    
   440.0000      0.2438154    
   450.0000      0.2266048    
   460.0000      0.2109149    
   470.0000      0.1965993    
   480.0000      0.1835251    
   490.0000      0.1715718    
   500.0000      0.1606306    
   510.0000      0.1506036    
   520.0000      0.1414027    
   530.0000      0.1329489    
   540.0000      0.1251712    
   550.0000      0.1180059    
   560.0000      0.1113962    
   570.0000      0.1052906    
   580.0000      9.9643312E-02
   590.0000      9.4412997E-02
   600.0000      8.9562573E-02
   610.0000      8.5058689E-02
   620.0000      8.0871239E-02
   630.0000      7.6973200E-02
   640.0000      7.3340178E-02
   650.0000      6.9949962E-02
   660.0000      6.6782773E-02
   670.0000      6.3820399E-02
   680.0000      6.1046563E-02
   690.0000      5.8446359E-02
   700.0000      5.6006335E-02
   710.0000      5.3714193E-02
   720.0000      5.1558729E-02
   730.0000      4.9529798E-02
   740.0000      4.7618076E-02
   750.0000      4.5815073E-02
   760.0000      4.4113033E-02
   770.0000      4.2504817E-02
   780.0000      4.0983897E-02
   790.0000      3.9544299E-02
   800.0000      3.8180463E-02
   810.0000      3.6887407E-02
   820.0000      3.5660405E-02
   830.0000      3.4495194E-02
   840.0000      3.3387795E-02
   850.0000      3.2334544E-02
   860.0000      3.1332050E-02
   870.0000      3.0377189E-02
   880.0000      2.9467052E-02
   890.0000      2.8598953E-02
   900.0000      2.7770394E-02
   910.0000      2.6979033E-02
   920.0000      2.6222747E-02
   930.0000      2.5499539E-02
   940.0000      2.4807481E-02
   950.0000      2.4144880E-02
   960.0000      2.3510095E-02
   970.0000      2.2901617E-02
   980.0000      2.2318011E-02
   990.0000      2.1757981E-02
   1000.000      2.1220265E-02
   1010.000      2.0703701E-02
   1020.000      2.0207219E-02
   1030.000      1.9729778E-02
   1040.000      1.9270428E-02
   1050.000      1.8828278E-02
   1060.000      1.8402472E-02
   1070.000      1.7992236E-02
   1080.000      1.7596787E-02
   1090.000      1.7215451E-02
   1100.000      1.6847553E-02
   1110.000      1.6492467E-02
   1120.000      1.6149601E-02
   1130.000      1.5818419E-02
   1140.000      1.5498368E-02
   1150.000      1.5188953E-02
   1160.000      1.4889721E-02
   1170.000      1.4600217E-02
   1180.000      1.4320030E-02
   1190.000      1.4048744E-02
   1200.000      1.3785997E-02
   1210.000      1.3531416E-02
   1220.000      1.3284682E-02
   1230.000      1.3045453E-02
   1240.000      1.2813440E-02
   1250.000      1.2588331E-02
   1260.000      1.2369871E-02
   1270.000      1.2157789E-02
   1280.000      1.1951826E-02
   1290.000      1.1751759E-02
   1300.000      1.1557354E-02
   1310.000      1.1368390E-02
   1320.000      1.1184672E-02
   1330.000      1.1005999E-02
   1340.000      1.0832178E-02
   1350.000      1.0663034E-02
   1360.000      1.0498405E-02
   1370.000      1.0338124E-02
   1380.000      1.0182034E-02
   1390.000      1.0029980E-02
   1400.000      9.8818308E-03
   1410.000      9.7374376E-03
   1420.000      9.5966840E-03
   1430.000      9.4594369E-03
   1440.000      9.3255863E-03
   1450.000      9.1950027E-03
   1460.000      9.0675922E-03
   1470.000      8.9432383E-03
   1480.000      8.8218460E-03
   1490.000      8.7033221E-03
   1500.000      8.5875653E-03
   1510.000      8.4744962E-03
   1520.000      8.3640264E-03
   1530.000      8.2560638E-03
   1540.000      8.1505422E-03
   1550.000      8.0473935E-03
   1560.000      7.9465155E-03
   1570.000      7.8478605E-03
   1580.000      7.7513643E-03
   1590.000      7.6569542E-03
   1600.000      7.5645610E-03
   1610.000      7.4741365E-03
   1620.000      7.3856213E-03
   1630.000      7.2989501E-03
   1640.000      7.2140824E-03
   1650.000      7.1309628E-03
   1660.000      7.0495270E-03
   1670.000      6.9697476E-03
   1680.000      6.8915682E-03
   1690.000      6.8149464E-03
   1700.000      6.7398390E-03
   1710.000      6.6662100E-03
   1720.000      6.5940027E-03
   1730.000      6.5231887E-03
   1740.000      6.4537339E-03
   1750.000      6.3855993E-03
   1760.000      6.3187489E-03
   1770.000      6.2531466E-03
   1780.000      6.1887675E-03
   1790.000      6.1255670E-03
   1800.000      6.0635228E-03
   1810.000      6.0026138E-03
   1820.000      5.9427922E-03
   1830.000      5.8840406E-03
   1840.000      5.8263326E-03
   1850.000      5.7696425E-03
   1860.000      5.7139448E-03
   1870.000      5.6592138E-03
   1880.000      5.6054210E-03
   1890.000      5.5525536E-03
   1900.000      5.5005830E-03
   1910.000      5.4494860E-03
   1920.000      5.3992476E-03
   1930.000      5.3498424E-03
   1940.000      5.3012567E-03
   1950.000      5.2534635E-03
   1960.000      5.2064462E-03
   1970.000      5.1601967E-03
   1980.000      5.1146839E-03
   1990.000      5.0699012E-03
   2000.000      5.0258199E-03
